year	gender	able	age	al	ance	ant	ary	ate	eer	ence	ent	er	ful	hood	ian	ible	ic	ion	ish	ism	ist	ity	ive	ize	less	ment	ness	or	ous	ship	tude	ure
1791	m	15	21	1	29	52	9	8	1	23	15	598	3	3	0	5	1	122	3	1	3	16	3	0	1	35	19	61	11	4	0	17
1787	m	15	16	2	36	43	31	6	1	41	24	515	5	6	0	3	0	167	5	0	0	32	2	1	1	29	37	38	10	2	0	8
1792	m	12	9	1	27	33	4	1	1	24	14	597	0	1	1	2	0	76	1	0	1	16	3	0	0	27	20	48	8	3	0	7
1781	m	11	10	3	27	52	15	5	4	18	11	443	2	1	16	9	0	115	3	0	1	16	3	4	0	22	19	50	11	7	0	11
1772	m	9	7	2	15	31	10	4	1	38	16	443	2	0	0	5	3	76	4	1	2	20	2	2	0	33	16	35	9	5	0	5
1782	m	10	14	4	51	44	14	0	1	18	15	353	0	1	1	3	0	111	2	2	3	17	4	1	0	18	24	26	11	1	1	6
1797	m	16	3	0	19	42	11	3	1	32	18	379	4	3	1	7	0	73	1	0	2	23	3	1	2	15	14	38	9	1	1	0
1796	m	13	10	0	21	48	1	4	0	13	3	407	2	1	1	0	0	69	1	0	1	26	1	0	2	32	9	20	4	9	0	3
1761	m	17	7	3	9	43	14	2	1	15	7	358	1	2	3	2	0	67	2	0	2	26	1	0	1	25	20	36	4	3	1	4
1775	m	4	3	6	14	32	10	1	0	27	8	371	2	1	0	4	0	80	0	0	1	17	2	2	1	17	8	46	6	2	0	1
1758	m	8	4	1	15	36	3	4	1	20	5	344	2	1	0	0	0	41	0	0	2	7	0	0	0	17	8	33	4	0	0	3
1765	m	6	2	0	7	39	7	1	0	21	4	326	2	3	0	1	0	44	0	0	0	13	2	0	0	13	12	38	10	1	0	4
1779	m	7	7	3	13	23	12	2	0	19	10	308	1	4	0	10	0	69	0	0	0	9	1	1	0	19	6	19	4	4	1	4
1773	m	13	3	0	12	18	3	0	0	16	6	324	4	1	0	2	0	59	3	0	1	19	0	0	0	18	4	25	6	3	0	3
1771	m	13	5	1	9	33	11	1	1	20	13	283	3	2	1	2	1	59	2	0	3	11	2	0	1	14	14	29	1	2	0	4
1798	m	5	8	2	8	27	7	0	0	17	6	354	0	1	0	1	0	38	0	0	1	6	1	0	0	12	8	29	4	4	0	1
1749	m	7	12	0	20	25	5	0	0	11	13	301	3	0	1	7	0	53	1	0	1	11	1	1	0	13	3	37	5	1	0	4
1764	m	9	0	2	15	28	7	1	1	17	8	279	0	1	1	3	0	57	1	0	1	9	0	1	1	15	6	40	4	1	0	4
1751	m	7	4	1	11	16	9	0	2	28	11	248	3	1	0	3	0	64	2	0	0	8	1	1	1	25	14	36	5	2	1	7
1767	m	9	4	2	14	19	7	1	4	21	7	282	1	0	0	3	1	34	4	0	0	8	2	2	0	17	2	34	6	1	0	0
1760	m	10	2	0	8	41	8	0	1	7	9	273	2	3	1	2	0	28	3	0	0	11	1	0	1	21	10	28	5	2	0	2
1780	m	5	11	1	7	21	6	3	0	15	5	271	1	1	0	4	0	45	0	0	1	13	2	0	0	13	9	17	3	2	0	1
1790	m	10	2	1	11	25	12	3	0	13	4	240	1	1	0	1	1	51	2	0	0	8	0	2	0	13	17	14	4	3	0	0
1777	m	6	6	0	5	27	3	1	0	14	2	251	0	4	3	4	0	45	1	0	1	13	0	1	0	11	7	20	3	5	0	1
1793	m	6	5	1	15	14	8	2	1	16	6	237	0	1	0	4	0	53	3	0	0	9	0	1	0	14	12	18	4	1	0	2
1755	m	6	3	0	11	26	9	2	2	24	3	242	1	1	0	0	0	23	0	0	0	2	1	0	0	10	6	52	3	3	0	0
1762	m	12	8	0	14	32	3	3	1	14	11	213	3	1	1	2	0	40	1	0	1	5	1	0	0	18	6	23	3	2	0	0
1770	m	6	8	1	16	17	7	3	2	17	2	236	1	0	0	1	0	31	0	0	2	6	3	0	0	14	6	21	3	0	0	9
1752	m	7	2	4	10	27	6	0	0	25	6	183	0	0	0	2	0	51	0	0	1	10	2	0	0	10	9	18	7	0	0	7
1754	m	7	2	0	5	33	2	1	0	13	7	214	2	2	2	2	0	34	0	0	0	9	0	0	0	12	8	20	5	0	0	5
1750	m	8	5	3	12	37	5	0	0	13	2	171	1	2	1	4	0	30	1	0	0	12	0	0	2	6	8	28	3	1	1	0
1748	m	5	1	1	8	27	2	1	0	5	5	209	1	2	1	4	0	31	0	0	0	9	0	0	0	4	7	22	6	1	0	0
1786	m	5	3	0	6	10	7	2	0	10	3	160	0	1	0	3	0	60	1	0	0	8	4	0	2	12	6	21	8	0	0	2
1774	m	2	3	1	10	13	3	2	0	11	6	174	0	0	0	3	0	41	2	0	0	5	0	0	0	13	6	29	5	2	0	1
1763	m	2	0	0	7	19	5	1	1	15	6	180	2	1	1	3	0	24	2	0	1	2	0	1	1	10	6	32	3	0	0	4
1794	m	6	1	0	11	10	4	4	0	10	2	167	1	4	0	1	0	49	0	0	0	14	1	0	0	12	10	11	3	4	0	0
1783	m	8	3	1	20	14	9	2	0	8	3	142	5	1	0	3	0	41	1	0	0	14	1	0	0	13	7	12	7	0	1	1
1769	m	5	2	0	6	16	1	0	0	7	0	214	0	0	0	0	0	13	1	0	0	2	0	0	1	20	4	19	1	3	1	0
1757	m	6	2	0	5	20	1	0	0	5	9	157	0	0	1	2	0	26	1	0	0	4	0	0	2	12	5	14	2	0	0	1
1795	m	3	6	1	5	12	4	1	0	12	3	124	1	0	0	1	0	40	2	0	1	4	0	0	0	5	9	7	1	2	0	1
1766	m	4	1	0	4	16	0	0	0	2	2	159	1	0	0	0	1	12	1	0	0	5	0	0	0	5	6	12	1	1	0	0
1744	m	7	3	0	8	22	3	3	0	9	5	66	1	0	1	3	0	41	2	0	0	7	0	2	0	6	9	5	9	0	0	4
1759	m	2	0	1	8	16	1	1	0	3	0	127	1	1	0	1	0	18	2	0	0	3	0	0	0	10	5	13	1	0	1	0
1756	m	0	1	0	10	14	6	0	0	5	2	119	0	0	0	0	0	25	0	0	0	3	0	0	1	9	1	8	1	2	0	1
1776	m	0	2	0	4	7	0	0	1	3	1	100	1	0	1	1	0	15	0	0	0	7	2	0	1	4	2	6	0	0	0	2
1753	m	0	0	0	2	10	3	1	0	5	3	99	0	1	0	1	0	14	0	0	0	2	0	0	0	4	0	14	0	0	0	0
1745	m	5	2	1	7	20	2	4	0	3	5	43	1	2	0	1	0	12	0	0	0	4	0	0	1	5	0	1	2	0	0	1
1781	f	2	2	0	0	1	1	0	1	0	1	63	0	1	0	0	0	4	0	0	0	1	0	0	0	6	1	3	2	1	0	0
1772	f	0	1	0	2	10	1	1	0	3	0	54	0	0	0	0	0	1	0	0	0	1	0	0	0	8	2	2	2	0	0	0
1773	f	0	0	0	1	0	6	0	0	2	0	57	1	0	0	0	0	2	0	0	0	1	0	1	0	5	3	3	1	1	0	0
1765	f	1	1	0	2	5	0	0	0	1	0	57	0	1	0	1	0	3	0	0	0	1	0	1	0	5	0	3	0	1	0	0
1791	f	0	3	0	2	2	2	0	0	1	2	56	0	0	0	2	0	2	0	0	0	0	0	0	0	3	0	7	0	0	0	0
1797	f	3	2	0	2	8	1	1	0	1	0	50	0	0	0	0	0	5	0	0	0	1	0	0	0	2	3	2	0	1	0	0
1755	f	1	2	0	1	13	6	1	0	4	5	26	1	0	4	0	0	2	0	0	0	0	1	0	0	3	2	0	2	0	0	2
1761	f	3	3	0	1	6	0	0	0	2	5	34	0	1	0	0	0	4	5	0	1	1	0	0	0	1	4	5	0	0	0	0
1764	f	0	2	0	1	7	0	0	0	0	0	52	0	0	1	0	0	2	0	0	0	0	0	0	0	3	1	2	1	0	0	0
1792	f	0	6	0	1	1	0	0	0	1	0	47	0	1	0	0	0	2	0	0	0	1	0	0	0	2	1	6	0	0	0	0
1778	m	0	2	0	1	4	0	0	1	3	0	37	0	0	0	0	0	8	0	0	0	2	0	0	0	3	2	4	0	0	0	1
1775	f	0	0	0	3	2	0	0	1	1	1	35	0	1	0	0	0	9	1	0	0	0	0	1	0	0	7	2	0	0	0	0
1771	f	0	0	0	1	9	0	0	0	1	1	37	0	0	0	1	0	3	2	0	0	0	0	0	0	2	0	1	1	0	0	3
1774	f	0	1	0	1	1	0	0	0	1	0	39	0	0	0	1	0	7	0	0	0	2	0	0	0	2	0	4	0	1	0	1
1780	f	1	0	0	0	1	1	0	0	2	1	39	0	0	0	1	1	3	0	0	0	2	0	0	0	4	1	1	0	1	0	0
1754	f	0	0	0	0	1	1	0	0	3	0	36	0	0	0	0	0	2	0	0	0	0	0	0	0	7	1	2	0	0	0	0
1758	f	0	0	0	1	4	0	0	0	2	0	38	0	0	0	0	0	1	0	0	0	0	0	0	0	1	1	2	0	0	0	0
1749	f	0	0	0	1	0	1	0	0	0	0	38	0	0	1	0	0	1	0	0	0	0	0	0	0	2	3	1	0	0	0	0
1751	f	0	0	0	1	0	1	0	0	2	0	22	0	1	0	0	0	5	0	0	0	0	0	0	0	2	1	7	3	1	0	0
1796	f	0	0	0	0	5	0	0	0	2	1	32	0	0	0	0	0	0	0	0	0	0	0	0	0	3	0	2	1	0	0	0
1733	m	8	0	0	0	1	2	2	0	1	8	6	1	0	0	2	0	3	2	0	0	1	1	1	1	1	0	0	4	0	0	0
1743	m	8	0	1	1	2	3	4	0	1	3	2	3	0	0	2	0	3	1	0	0	0	2	0	0	0	0	0	9	0	0	0
1786	f	0	0	0	1	1	0	0	0	1	0	36	0	0	0	0	0	2	0	0	0	0	0	0	1	1	0	1	0	0	0	0
1759	f	0	0	0	1	3	0	0	0	1	0	24	1	1	0	0	0	1	0	0	0	0	0	0	0	1	4	6	0	0	0	0
1766	f	0	0	0	0	3	0	1	0	0	0	31	0	0	0	0	0	0	0	0	1	1	0	0	0	3	0	3	0	0	0	0
1762	f	0	0	0	1	7	2	0	0	1	0	21	0	1	2	0	0	2	1	0	0	1	0	0	0	1	0	2	0	0	0	0
1741	m	1	0	0	0	5	0	0	0	1	6	5	1	0	0	1	0	8	0	0	1	1	0	0	0	0	2	2	4	0	1	2
1744	f	0	0	0	1	4	0	1	0	0	1	12	0	1	0	2	0	10	0	0	0	0	0	0	0	1	1	2	3	0	0	0
1767	f	2	0	0	0	2	0	0	0	0	0	25	0	0	0	0	0	1	1	0	0	1	0	0	0	4	1	2	0	0	0	0
1770	f	0	0	0	1	2	0	0	0	1	0	25	0	0	0	0	0	3	0	0	0	0	0	0	0	4	1	2	0	0	0	0
1784	m	0	0	0	7	3	0	1	0	0	1	13	0	0	0	1	0	7	0	0	0	1	0	0	0	2	0	0	0	1	0	2
1795	f	4	0	0	1	2	0	0	0	0	0	20	0	0	0	1	0	5	0	0	0	2	0	0	0	0	1	3	0	0	0	0
1748	f	0	0	0	0	1	0	0	0	0	0	25	0	2	0	1	0	3	0	0	0	0	0	0	0	1	1	3	0	1	0	0
1756	f	0	0	0	0	2	0	0	0	0	2	26	0	0	0	0	0	2	0	0	0	0	0	0	0	1	1	2	0	0	0	1
1752	f	0	0	0	0	0	0	0	0	1	0	27	0	0	0	0	0	0	0	0	0	0	0	0	0	3	0	2	1	0	0	0
1787	f	0	0	0	0	2	0	0	0	0	0	22	0	1	0	0	0	0	0	0	0	3	1	0	0	5	0	0	0	0	0	0
1760	f	0	0	0	0	2	0	0	0	0	2	22	0	0	0	0	0	0	0	0	0	0	0	0	0	1	3	2	0	0	0	1
1779	f	0	0	0	0	7	0	0	0	0	0	20	0	0	0	0	0	3	0	0	0	1	0	0	0	0	0	2	0	0	0	0
1793	f	0	3	0	0	0	0	0	0	0	0	25	0	0	0	0	0	3	0	0	0	1	0	0	0	1	0	0	0	0	0	0
1734	m	4	0	0	2	0	3	2	0	0	5	1	0	0	0	1	0	3	0	0	0	0	0	0	1	0	2	0	7	0	0	1
1769	f	0	0	0	0	5	0	0	0	0	0	20	0	0	0	0	0	1	0	0	0	2	0	0	0	2	1	1	0	0	0	0
1736	m	7	0	0	0	2	2	1	0	0	3	4	0	0	0	0	0	4	0	0	0	0	0	0	0	0	0	1	7	0	0	0
1750	f	1	0	0	0	2	0	0	0	3	0	21	0	0	0	0	0	1	0	0	0	0	1	0	0	1	0	1	0	0	0	0
1763	f	0	0	0	0	4	0	0	0	0	0	16	0	0	0	0	0	2	0	0	0	0	0	0	0	1	2	3	0	0	0	1
1738	m	5	0	0	1	0	2	1	0	0	8	0	2	0	0	3	1	1	0	0	0	0	0	0	0	0	0	0	4	0	0	0
1798	f	0	0	0	1	0	0	0	0	0	1	19	0	0	0	0	0	1	0	0	0	0	0	0	0	2	0	2	1	0	0	0
1737	m	2	0	0	0	1	3	0	0	0	4	3	1	0	0	3	0	1	0	0	0	1	2	0	2	0	1	0	2	0	0	0
1782	f	0	0	0	1	3	0	0	0	0	0	18	0	0	0	0	0	1	0	0	0	1	0	0	0	1	0	0	0	0	0	0
1742	m	3	0	0	0	0	1	2	0	0	6	0	2	0	0	3	0	2	2	0	0	0	1	0	0	0	0	0	2	0	0	0
1753	f	0	0	0	1	0	0	0	0	0	0	20	0	0	0	0	0	0	0	0	0	0	0	0	0	1	0	1	0	0	0	0
1757	f	0	1	0	0	2	0	1	0	0	1	12	0	0	0	0	0	2	0	0	0	0	0	0	0	1	1	2	0	0	0	0
1746	m	3	0	0	0	1	3	0	0	1	1	1	2	0	0	3	0	0	2	0	0	0	0	1	0	0	0	0	3	0	0	0
1777	f	0	0	0	0	2	0	1	0	1	0	16	0	0	0	0	0	1	0	0	0	0	0	0	0	0	0	0	0	0	0	0
1732	m	0	0	0	0	0	1	0	0	0	3	5	0	0	0	3	0	0	1	0	0	1	0	0	1	1	1	0	3	0	0	0
1790	f	0	0	0	1	0	0	1	0	0	0	14	0	0	0	0	0	3	0	0	0	0	0	0	0	0	0	0	1	0	0	0
1794	f	0	0	0	0	2	0	0	0	0	0	11	1	0	0	0	0	2	0	0	0	0	0	0	0	2	0	1	0	0	0	0
1740	m	3	0	1	0	0	1	1	0	0	4	1	2	0	0	1	0	1	0	0	0	0	2	0	1	0	0	0	0	0	0	0
1739	m	1	0	0	0	0	1	0	0	0	1	0	0	0	0	1	0	2	1	0	0	0	0	0	1	0	0	1	2	0	0	0
1776	f	0	2	0	1	0	0	0	0	0	0	8	0	0	0	0	0	0	0	0	0	0	0	0	0	0	0	0	0	0	0	0
1747	m	4	0	0	0	0	0	0	0	0	2	0	1	0	0	1	0	0	0	0	0	1	0	0	0	0	0	0	1	0	0	0
1735	m	2	0	0	0	0	1	0	0	0	2	0	0	0	0	0	0	2	0	0	0	0	0	0	0	0	0	0	1	0	0	0
1734	f	1	0	0	1	0	1	0	0	0	1	0	0	1	0	0	0	2	0	0	0	0	0	0	0	0	0	0	0	0	0	0
1741	f	0	0	0	0	0	0	0	0	0	1	2	0	0	0	0	0	0	1	0	0	0	0	0	0	1	1	0	0	0	0	0
1737	f	1	1	0	2	0	0	0	0	0	0	0	0	0	0	1	0	0	0	0	0	0	0	0	0	0	0	0	0	0	0	0
1739	f	0	0	0	0	0	0	0	0	0	0	1	0	0	0	3	0	0	0	0	0	0	0	0	0	0	0	0	1	0	0	0
1743	f	1	0	0	1	0	0	0	0	0	2	0	0	0	0	0	0	0	0	0	0	0	0	0	0	0	0	0	1	0	0	0
1733	f	1	0	0	0	0	0	0	0	0	0	0	1	0	0	0	0	0	0	0	0	0	0	0	0	0	0	0	2	0	0	0
1745	f	0	0	0	0	2	0	0	0	0	1	1	0	0	0	0	0	0	0	0	0	0	0	0	0	0	0	0	0	0	0	0
1778	f	0	0	0	0	1	0	0	0	0	0	2	0	0	0	0	0	0	0	0	0	0	0	0	0	1	0	0	0	0	0	0
1735	f	0	0	0	0	0	0	0	0	0	0	0	0	0	0	0	0	1	0	0	0	0	0	0	0	0	1	0	0	0	0	0
1746	f	0	0	0	0	0	0	0	0	0	1	0	0	0	0	0	0	0	0	0	0	0	0	0	0	0	0	0	1	0	0	0
1731	m	0	0	0	0	0	0	0	0	0	0	0	0	0	0	0	0	0	0	0	0	0	0	0	0	0	0	0	1	0	0	0
1732	f	0	0	0	0	0	0	0	0	0	0	0	0	0	0	0	0	0	0	0	0	0	0	0	0	0	0	0	1	0	0	0
1736	f	1	0	0	0	0	0	0	0	0	0	0	0	0	0	0	0	0	0	0	0	0	0	0	0	0	0	0	0	0	0	0
1738	f	0	0	0	0	0	0	0	0	0	0	1	0	0	0	0	0	0	0	0	0	0	0	0	0	0	0	0	0	0	0	0
1740	f	0	0	0	0	0	0	0	0	0	0	1	0	0	0	0	0	0	0	0	0	0	0	0	0	0	0	0	0	0	0	0
